# Spacetime curvature data
# Format: x y z curvature
-10 -10 -10 0.02
-10 -10 -9.5 0.0206718
-10 -10 -9 0.0213523
-10 -10 -8.5 0.0220386
-10 -10 -8 0.0227273
-10 -10 -7.5 0.0234146
-10 -10 -7 0.0240964
-10 -10 -6.5 0.0247678
-10 -10 -6 0.0254237
-10 -10 -5.5 0.0260586
-10 -10 -5 0.0266667
-10 -10 -4.5 0.0272418
-10 -10 -4 0.0277778
-10 -10 -3.5 0.0282686
-10 -10 -3 0.0287081
-10 -10 -2.5 0.0290909
-10 -10 -2 0.0294118
-10 -10 -1.5 0.0296663
-10 -10 -1 0.0298507
-10 -10 -0.5 0.0299625
-10 -10 0 0.03
-10 -10 0.5 0.0299625
-10 -10 1 0.0298507
-10 -10 1.5 0.0296663
-10 -10 2 0.0294118
-10 -10 2.5 0.0290909
-10 -10 3 0.0287081
-10 -10 3.5 0.0282686
-10 -10 4 0.0277778
-10 -10 4.5 0.0272418
-10 -10 5 0.0266667
-10 -10 5.5 0.0260586
-10 -10 6 0.0254237
-10 -10 6.5 0.0247678
-10 -10 7 0.0240964
-10 -10 7.5 0.0234146
-10 -10 8 0.0227273
-10 -10 8.5 0.0220386
-10 -10 9 0.0213523
-10 -10 9.5 0.0206718
-10 -10 10 0.02
-10 -9.5 -10 0.0206718
-10 -9.5 -9.5 0.0213904
-10 -9.5 -9 0.0221198
-10 -9.5 -8.5 0.0228571
-10 -9.5 -8 0.0235988
-10 -9.5 -7.5 0.0243408
-10 -9.5 -7 0.0250784
-10 -9.5 -6.5 0.0258065
-10 -9.5 -6 0.0265193
-10 -9.5 -5.5 0.0272109
-10 -9.5 -5 0.0278746
-10 -9.5 -4.5 0.0285036
-10 -9.5 -4 0.0290909
-10 -9.5 -3.5 0.0296296
-10 -9.5 -3 0.0301129
-10 -9.5 -2.5 0.0305344
-10 -9.5 -2 0.030888
-10 -9.5 -1.5 0.0311688
-10 -9.5 -1 0.0313725
-10 -9.5 -0.5 0.0314961
-10 -9.5 0 0.0315375
-10 -9.5 0.5 0.0314961
-10 -9.5 1 0.0313725
-10 -9.5 1.5 0.0311688
-10 -9.5 2 0.030888
-10 -9.5 2.5 0.0305344
-10 -9.5 3 0.0301129
-10 -9.5 3.5 0.0296296
-10 -9.5 4 0.0290909
-10 -9.5 4.5 0.0285036
-10 -9.5 5 0.0278746
-10 -9.5 5.5 0.0272109
-10 -9.5 6 0.0265193
-10 -9.5 6.5 0.0258065
-10 -9.5 7 0.0250784
-10 -9.5 7.5 0.0243408
-10 -9.5 8 0.0235988
-10 -9.5 8.5 0.0228571
-10 -9.5 9 0.0221198
-10 -9.5 9.5 0.0213904
-10 -9.5 10 0.0206718
-10 -9 -10 0.0213523
-10 -9 -9.5 0.0221198
-10 -9 -9 0.0229008
-10 -9 -8.5 0.023692
-10 -9 -8 0.0244898
-10 -9 -7.5 0.0252898
-10 -9 -7 0.026087
-10 -9 -6.5 0.0268757
-10 -9 -6 0.0276498
-10 -9 -5.5 0.0284024
-10 -9 -5 0.0291262
-10 -9 -4.5 0.0298137
-10 -9 -4 0.0304569
-10 -9 -3.5 0.0310479
-10 -9 -3 0.0315789
-10 -9 -2.5 0.0320427
-10 -9 -2 0.0324324
-10 -9 -1.5 0.0327422
-10 -9 -1 0.032967
-10 -9 -0.5 0.0331034
-10 -9 0 0.0331492
-10 -9 0.5 0.0331034
-10 -9 1 0.032967
-10 -9 1.5 0.0327422
-10 -9 2 0.0324324
-10 -9 2.5 0.0320427
-10 -9 3 0.0315789
-10 -9 3.5 0.0310479
-10 -9 4 0.0304569
-10 -9 4.5 0.0298137
-10 -9 5 0.0291262
-10 -9 5.5 0.0284024
-10 -9 6 0.0276498
-10 -9 6.5 0.0268757
-10 -9 7 0.026087
-10 -9 7.5 0.0252898
-10 -9 8 0.0244898
-10 -9 8.5 0.023692
-10 -9 9 0.0229008
-10 -9 9.5 0.0221198
-10 -9 10 0.0213523
-10 -8.5 -10 0.0220386
-10 -8.5 -9.5 0.0228571
-10 -8.5 -9 0.023692
-10 -8.5 -8.5 0.0245399
-10 -8.5 -8 0.0253968
-10 -8.5 -7.5 0.0262582
-10 -8.5 -7 0.0271186
-10 -8.5 -6.5 0.027972
-10 -8.5 -6 0.0288115
-10 -8.5 -5.5 0.0296296
-10 -8.5 -5 0.0304183
-10 -8.5 -4.5 0.0311688
-10 -8.5 -4 0.0318725
-10 -8.5 -3.5 0.0325203
-10 -8.5 -3 0.0331034
-10 -8.5 -2.5 0.0336134
-10 -8.5 -2 0.0340426
-10 -8.5 -1.5 0.034384
-10 -8.5 -1 0.034632
-10 -8.5 -0.5 0.0347826
-10 -8.5 0 0.0348331
-10 -8.5 0.5 0.0347826
-10 -8.5 1 0.034632
-10 -8.5 1.5 0.034384
-10 -8.5 2 0.0340426
-10 -8.5 2.5 0.0336134
-10 -8.5 3 0.0331034
-10 -8.5 3.5 0.0325203
-10 -8.5 4 0.0318725
-10 -8.5 4.5 0.0311688
-10 -8.5 5 0.0304183
-10 -8.5 5.5 0.0296296
-10 -8.5 6 0.0288115
-10 -8.5 6.5 0.027972
-10 -8.5 7 0.0271186
-10 -8.5 7.5 0.0262582
-10 -8.5 8 0.0253968
-10 -8.5 8.5 0.0245399
-10 -8.5 9 0.023692
-10 -8.5 9.5 0.0228571
-10 -8.5 10 0.0220386
-10 -8 -10 0.0227273
-10 -8 -9.5 0.0235988
-10 -8 -9 0.0244898
-10 -8 -8.5 0.0253968
-10 -8 -8 0.0263158
-10 -8 -7.5 0.0272418
-10 -8 -7 0.028169
-10 -8 -6.5 0.0290909
-10 -8 -6 0.03
-10 -8 -5.5 0.030888
-10 -8 -5 0.031746
-10 -8 -4.5 0.0325645
-10 -8 -4 0.0333333
-10 -8 -3.5 0.0340426
-10 -8 -3 0.0346821
-10 -8 -2.5 0.0352423
-10 -8 -2 0.0357143
-10 -8 -1.5 0.0360902
-10 -8 -1 0.0363636
-10 -8 -0.5 0.0365297
-10 -8 0 0.0365854
-10 -8 0.5 0.0365297
-10 -8 1 0.0363636
-10 -8 1.5 0.0360902
-10 -8 2 0.0357143
-10 -8 2.5 0.0352423
-10 -8 3 0.0346821
-10 -8 3.5 0.0340426
-10 -8 4 0.0333333
-10 -8 4.5 0.0325645
-10 -8 5 0.031746
-10 -8 5.5 0.030888
-10 -8 6 0.03
-10 -8 6.5 0.0290909
-10 -8 7 0.028169
-10 -8 7.5 0.0272418
-10 -8 8 0.0263158
-10 -8 8.5 0.0253968
-10 -8 9 0.0244898
-10 -8 9.5 0.0235988
-10 -8 10 0.0227273
-10 -7.5 -10 0.0234146
-10 -7.5 -9.5 0.0243408
-10 -7.5 -9 0.0252898
-10 -7.5 -8.5 0.0262582
-10 -7.5 -8 0.0272418
-10 -7.5 -7.5 0.0282353
-10 -7.5 -7 0.0292326
-10 -7.5 -6.5 0.0302267
-10 -7.5 -6 0.0312094
-10 -7.5 -5.5 0.0321716
-10 -7.5 -5 0.0331034
-10 -7.5 -4.5 0.0339943
-10 -7.5 -4 0.0348331
-10 -7.5 -3.5 0.0356083
-10 -7.5 -3 0.0363086
-10 -7.5 -2.5 0.0369231
-10 -7.5 -2 0.0374415
-10 -7.5 -1.5 0.0378549
-10 -7.5 -1 0.0381558
-10 -7.5 -0.5 0.0383387
-10 -7.5 0 0.0384
-10 -7.5 0.5 0.0383387
-10 -7.5 1 0.0381558
-10 -7.5 1.5 0.0378549
-10 -7.5 2 0.0374415
-10 -7.5 2.5 0.0369231
-10 -7.5 3 0.0363086
-10 -7.5 3.5 0.0356083
-10 -7.5 4 0.0348331
-10 -7.5 4.5 0.0339943
-10 -7.5 5 0.0331034
-10 -7.5 5.5 0.0321716
-10 -7.5 6 0.0312094
-10 -7.5 6.5 0.0302267
-10 -7.5 7 0.0292326
-10 -7.5 7.5 0.0282353
-10 -7.5 8 0.0272418
-10 -7.5 8.5 0.0262582
-10 -7.5 9 0.0252898
-10 -7.5 9.5 0.0243408
-10 -7.5 10 0.0234146
-10 -7 -10 0.0240964
-10 -7 -9.5 0.0250784
-10 -7 -9 0.026087
-10 -7 -8.5 0.0271186
-10 -7 -8 0.028169
-10 -7 -7.5 0.0292326
-10 -7 -7 0.030303
-10 -7 -6.5 0.0313725
-10 -7 -6 0.0324324
-10 -7 -5.5 0.0334728
-10 -7 -5 0.0344828
-10 -7 -4.5 0.0354505
-10 -7 -4 0.0363636
-10 -7 -3.5 0.0372093
-10 -7 -3 0.0379747
-10 -7 -2.5 0.0386473
-10 -7 -2 0.0392157
-10 -7 -1.5 0.0396694
-10 -7 -1 0.04
-10 -7 -0.5 0.040201
-10 -7 0 0.0402685
-10 -7 0.5 0.040201
-10 -7 1 0.04
-10 -7 1.5 0.0396694
-10 -7 2 0.0392157
-10 -7 2.5 0.0386473
-10 -7 3 0.0379747
-10 -7 3.5 0.0372093
-10 -7 4 0.0363636
-10 -7 4.5 0.0354505
-10 -7 5 0.0344828
-10 -7 5.5 0.0334728
-10 -7 6 0.0324324
-10 -7 6.5 0.0313725
-10 -7 7 0.030303
-10 -7 7.5 0.0292326
-10 -7 8 0.028169
-10 -7 8.5 0.0271186
-10 -7 9 0.026087
-10 -7 9.5 0.0250784
-10 -7 10 0.0240964
-10 -6.5 -10 0.0247678
-10 -6.5 -9.5 0.0258065
-10 -6.5 -9 0.0268757
-10 -6.5 -8.5 0.027972
-10 -6.5 -8 0.0290909
-10 -6.5 -7.5 0.0302267
-10 -6.5 -7 0.0313725
-10 -6.5 -6.5 0.0325203
-10 -6.5 -6 0.0336606
-10 -6.5 -5.5 0.0347826
-10 -6.5 -5 0.0358744
-10 -6.5 -4.5 0.0369231
-10 -6.5 -4 0.0379147
-10 -6.5 -3.5 0.038835
-10 -6.5 -3 0.0396694
-10 -6.5 -2.5 0.040404
-10 -6.5 -2 0.0410256
-10 -6.5 -1.5 0.0415225
-10 -6.5 -1 0.0418848
-10 -6.5 -0.5 0.0421053
-10 -6.5 0 0.0421793
-10 -6.5 0.5 0.0421053
-10 -6.5 1 0.0418848
-10 -6.5 1.5 0.0415225
-10 -6.5 2 0.0410256
-10 -6.5 2.5 0.040404
-10 -6.5 3 0.0396694
-10 -6.5 3.5 0.038835
-10 -6.5 4 0.0379147
-10 -6.5 4.5 0.0369231
-10 -6.5 5 0.0358744
-10 -6.5 5.5 0.0347826
-10 -6.5 6 0.0336606
-10 -6.5 6.5 0.0325203
-10 -6.5 7 0.0313725
-10 -6.5 7.5 0.0302267
-10 -6.5 8 0.0290909
-10 -6.5 8.5 0.027972
-10 -6.5 9 0.0268757
-10 -6.5 9.5 0.0258065
-10 -6.5 10 0.0247678
-10 -6 -10 0.0254237
-10 -6 -9.5 0.0265193
-10 -6 -9 0.0276498
-10 -6 -8.5 0.0288115
-10 -6 -8 0.03
-10 -6 -7.5 0.0312094
-10 -6 -7 0.0324324
-10 -6 -6.5 0.0336606
-10 -6 -6 0.0348837
-10 -6 -5.5 0.0360902
-10 -6 -5 0.0372671
-10 -6 -4.5 0.0384
-10 -6 -4 0.0394737
-10 -6 -3.5 0.0404722
-10 -6 -3 0.0413793
-10 -6 -2.5 0.0421793
-10 -6 -2 0.0428571
-10 -6 -1.5 0.0433996
-10 -6 -1 0.0437956
-10 -6 -0.5 0.0440367
-10 -6 0 0.0441176
-10 -6 0.5 0.0440367
-10 -6 1 0.0437956
-10 -6 1.5 0.0433996
-10 -6 2 0.0428571
-10 -6 2.5 0.0421793
-10 -6 3 0.0413793
-10 -6 3.5 0.0404722
-10 -6 4 0.0394737
-10 -6 4.5 0.0384
-10 -6 5 0.0372671
-10 -6 5.5 0.0360902
-10 -6 6 0.0348837
-10 -6 6.5 0.0336606
-10 -6 7 0.0324324
-10 -6 7.5 0.0312094
-10 -6 8 0.03
-10 -6 8.5 0.0288115
-10 -6 9 0.0276498
-10 -6 9.5 0.0265193
-10 -6 10 0.0254237
-10 -5.5 -10 0.0260586
-10 -5.5 -9.5 0.0272109
-10 -5.5 -9 0.0284024
-10 -5.5 -8.5 0.0296296
-10 -5.5 -8 0.030888
-10 -5.5 -7.5 0.0321716
-10 -5.5 -7 0.0334728
-10 -5.5 -6.5 0.0347826
-10 -5.5 -6 0.0360902
-10 -5.5 -5.5 0.0373832
-10 -5.5 -5 0.0386473
-10 -5.5 -4.5 0.0398671
-10 -5.5 -4 0.0410256
-10 -5.5 -3.5 0.0421053
-10 -5.5 -3 0.043088
-10 -5.5 -2.5 0.043956
-10 -5.5 -2 0.0446927
-10 -5.5 -1.5 0.045283
-10 -5.5 -1 0.0457143
-10 -5.5 -0.5 0.045977
-10 -5.5 0 0.0460653
-10 -5.5 0.5 0.045977
-10 -5.5 1 0.0457143
-10 -5.5 1.5 0.045283
-10 -5.5 2 0.0446927
-10 -5.5 2.5 0.043956
-10 -5.5 3 0.043088
-10 -5.5 3.5 0.0421053
-10 -5.5 4 0.0410256
-10 -5.5 4.5 0.0398671
-10 -5.5 5 0.0386473
-10 -5.5 5.5 0.0373832
-10 -5.5 6 0.0360902
-10 -5.5 6.5 0.0347826
-10 -5.5 7 0.0334728
-10 -5.5 7.5 0.0321716
-10 -5.5 8 0.030888
-10 -5.5 8.5 0.0296296
-10 -5.5 9 0.0284024
-10 -5.5 9.5 0.0272109
-10 -5.5 10 0.0260586
-10 -5 -10 0.0266667
-10 -5 -9.5 0.0278746
-10 -5 -9 0.0291262
-10 -5 -8.5 0.0304183
-10 -5 -8 0.031746
-10 -5 -7.5 0.0331034
-10 -5 -7 0.0344828
-10 -5 -6.5 0.0358744
-10 -5 -6 0.0372671
-10 -5 -5.5 0.0386473
-10 -5 -5 0.04
-10 -5 -4.5 0.0413081
-10 -5 -4 0.0425532
-10 -5 -3.5 0.0437158
-10 -5 -3 0.0447761
-10 -5 -2.5 0.0457143
-10 -5 -2 0.0465116
-10 -5 -1.5 0.0471513
-10 -5 -1 0.047619
-10 -5 -0.5 0.0479042
-10 -5 0 0.048
-10 -5 0.5 0.0479042
-10 -5 1 0.047619
-10 -5 1.5 0.0471513
-10 -5 2 0.0465116
-10 -5 2.5 0.0457143
-10 -5 3 0.0447761
-10 -5 3.5 0.0437158
-10 -5 4 0.0425532
-10 -5 4.5 0.0413081
-10 -5 5 0.04
-10 -5 5.5 0.0386473
-10 -5 6 0.0372671
-10 -5 6.5 0.0358744
-10 -5 7 0.0344828
-10 -5 7.5 0.0331034
-10 -5 8 0.031746
-10 -5 8.5 0.0304183
-10 -5 9 0.0291262
-10 -5 9.5 0.0278746
-10 -5 10 0.0266667
-10 -4.5 -10 0.0272418
-10 -4.5 -9.5 0.0285036
-10 -4.5 -9 0.0298137
-10 -4.5 -8.5 0.0311688
-10 -4.5 -8 0.0325645
-10 -4.5 -7.5 0.0339943
-10 -4.5 -7 0.0354505
-10 -4.5 -6.5 0.0369231
-10 -4.5 -6 0.0384
-10 -4.5 -5.5 0.0398671
-10 -4.5 -5 0.0413081
-10 -4.5 -4.5 0.0427046
-10 -4.5 -4 0.0440367
-10 -4.5 -3.5 0.045283
-10 -4.5 -3 0.0464217
-10 -4.5 -2.5 0.0474308
-10 -4.5 -2 0.0482897
-10 -4.5 -1.5 0.0489796
-10 -4.5 -1 0.0494845
-10 -4.5 -0.5 0.0497925
-10 -4.5 0 0.049896
-10 -4.5 0.5 0.0497925
-10 -4.5 1 0.0494845
-10 -4.5 1.5 0.0489796
-10 -4.5 2 0.0482897
-10 -4.5 2.5 0.0474308
-10 -4.5 3 0.0464217
-10 -4.5 3.5 0.045283
-10 -4.5 4 0.0440367
-10 -4.5 4.5 0.0427046
-10 -4.5 5 0.0413081
-10 -4.5 5.5 0.0398671
-10 -4.5 6 0.0384
-10 -4.5 6.5 0.0369231
-10 -4.5 7 0.0354505
-10 -4.5 7.5 0.0339943
-10 -4.5 8 0.0325645
-10 -4.5 8.5 0.0311688
-10 -4.5 9 0.0298137
-10 -4.5 9.5 0.0285036
-10 -4.5 10 0.0272418
-10 -4 -10 0.0277778
-10 -4 -9.5 0.0290909
-10 -4 -9 0.0304569
-10 -4 -8.5 0.0318725
-10 -4 -8 0.0333333
-10 -4 -7.5 0.0348331
-10 -4 -7 0.0363636
-10 -4 -6.5 0.0379147
-10 -4 -6 0.0394737
-10 -4 -5.5 0.0410256
-10 -4 -5 0.0425532
-10 -4 -4.5 0.0440367
-10 -4 -4 0.0454545
-10 -4 -3.5 0.0467836
-10 -4 -3 0.048
-10 -4 -2.5 0.0490798
-10 -4 -2 0.05
-10 -4 -1.5 0.05074
-10 -4 -1 0.0512821
-10 -4 -0.5 0.0516129
-10 -4 0 0.0517241
-10 -4 0.5 0.0516129
-10 -4 1 0.0512821
-10 -4 1.5 0.05074
-10 -4 2 0.05
-10 -4 2.5 0.0490798
-10 -4 3 0.048
-10 -4 3.5 0.0467836
-10 -4 4 0.0454545
-10 -4 4.5 0.0440367
-10 -4 5 0.0425532
-10 -4 5.5 0.0410256
-10 -4 6 0.0394737
-10 -4 6.5 0.0379147
-10 -4 7 0.0363636
-10 -4 7.5 0.0348331
-10 -4 8 0.0333333
-10 -4 8.5 0.0318725
-10 -4 9 0.0304569
-10 -4 9.5 0.0290909
-10 -4 10 0.0277778
-10 -3.5 -10 0.0282686
-10 -3.5 -9.5 0.0296296
-10 -3.5 -9 0.0310479
-10 -3.5 -8.5 0.0325203
-10 -3.5 -8 0.0340426
-10 -3.5 -7.5 0.0356083
-10 -3.5 -7 0.0372093
-10 -3.5 -6.5 0.038835
-10 -3.5 -6 0.0404722
-10 -3.5 -5.5 0.0421053
-10 -3.5 -5 0.0437158
-10 -3.5 -4.5 0.045283
-10 -3.5 -4 0.0467836
-10 -3.5 -3.5 0.0481928
-10 -3.5 -3 0.0494845
-10 -3.5 -2.5 0.0506329
-10 -3.5 -2 0.0516129
-10 -3.5 -1.5 0.0524017
-10 -3.5 -1 0.0529801
-10 -3.5 -0.5 0.0533333
-10 -3.5 0 0.0534521
-10 -3.5 0.5 0.0533333
-10 -3.5 1 0.0529801
-10 -3.5 1.5 0.0524017
-10 -3.5 2 0.0516129
-10 -3.5 2.5 0.0506329
-10 -3.5 3 0.0494845
-10 -3.5 3.5 0.0481928
-10 -3.5 4 0.0467836
-10 -3.5 4.5 0.045283
-10 -3.5 5 0.0437158
-10 -3.5 5.5 0.0421053
-10 -3.5 6 0.0404722
-10 -3.5 6.5 0.038835
-10 -3.5 7 0.0372093
-10 -3.5 7.5 0.0356083
-10 -3.5 8 0.0340426
-10 -3.5 8.5 0.0325203
-10 -3.5 9 0.0310479
-10 -3.5 9.5 0.0296296
-10 -3.5 10 0.0282686
-10 -3 -10 0.0287081
-10 -3 -9.5 0.0301129
-10 -3 -9 0.0315789
-10 -3 -8.5 0.0331034
-10 -3 -8 0.0346821
-10 -3 -7.5 0.0363086
-10 -3 -7 0.0379747
-10 -3 -6.5 0.0396694
-10 -3 -6 0.0413793
-10 -3 -5.5 0.043088
-10 -3 -5 0.0447761
-10 -3 -4.5 0.0464217
-10 -3 -4 0.048
-10 -3 -3.5 0.0494845
-10 -3 -3 0.0508475
-10 -3 -2.5 0.0520607
-10 -3 -2 0.0530973
-10 -3 -1.5 0.0539326
-10 -3 -1 0.0545455
-10 -3 -0.5 0.0549199
-10 -3 0 0.0550459
-10 -3 0.5 0.0549199
-10 -3 1 0.0545455
-10 -3 1.5 0.0539326
-10 -3 2 0.0530973
-10 -3 2.5 0.0520607
-10 -3 3 0.0508475
-10 -3 3.5 0.0494845
-10 -3 4 0.048
-10 -3 4.5 0.0464217
-10 -3 5 0.0447761
-10 -3 5.5 0.043088
-10 -3 6 0.0413793
-10 -3 6.5 0.0396694
-10 -3 7 0.0379747
-10 -3 7.5 0.0363086
-10 -3 8 0.0346821
-10 -3 8.5 0.0331034
-10 -3 9 0.0315789
-10 -3 9.5 0.0301129
-10 -3 10 0.0287081
-10 -2.5 -10 0.0290909
-10 -2.5 -9.5 0.0305344
-10 -2.5 -9 0.0320427
-10 -2.5 -8.5 0.0336134
-10 -2.5 -8 0.0352423
-10 -2.5 -7.5 0.0369231
-10 -2.5 -7 0.0386473
-10 -2.5 -6.5 0.040404
-10 -2.5 -6 0.0421793
-10 -2.5 -5.5 0.043956
-10 -2.5 -5 0.0457143
-10 -2.5 -4.5 0.0474308
-10 -2.5 -4 0.0490798
-10 -2.5 -3.5 0.0506329
-10 -2.5 -3 0.0520607
-10 -2.5 -2.5 0.0533333
-10 -2.5 -2 0.0544218
-10 -2.5 -1.5 0.0552995
-10 -2.5 -1 0.0559441
-10 -2.5 -0.5 0.056338
-10 -2.5 0 0.0564706
-10 -2.5 0.5 0.056338
-10 -2.5 1 0.0559441
-10 -2.5 1.5 0.0552995
-10 -2.5 2 0.0544218
-10 -2.5 2.5 0.0533333
-10 -2.5 3 0.0520607
-10 -2.5 3.5 0.0506329
-10 -2.5 4 0.0490798
-10 -2.5 4.5 0.0474308
-10 -2.5 5 0.0457143
-10 -2.5 5.5 0.043956
-10 -2.5 6 0.0421793
-10 -2.5 6.5 0.040404
-10 -2.5 7 0.0386473
-10 -2.5 7.5 0.0369231
-10 -2.5 8 0.0352423
-10 -2.5 8.5 0.0336134
-10 -2.5 9 0.0320427
-10 -2.5 9.5 0.0305344
-10 -2.5 10 0.0290909
-10 -2 -10 0.0294118
-10 -2 -9.5 0.030888
-10 -2 -9 0.0324324
-10 -2 -8.5 0.0340426
-10 -2 -8 0.0357143
-10 -2 -7.5 0.0374415
-10 -2 -7 0.0392157
-10 -2 -6.5 0.0410256
-10 -2 -6 0.0428571
-10 -2 -5.5 0.0446927
-10 -2 -5 0.0465116
-10 -2 -4.5 0.0482897
-10 -2 -4 0.05
-10 -2 -3.5 0.0516129
-10 -2 -3 0.0530973
-10 -2 -2.5 0.0544218
-10 -2 -2 0.0555556
-10 -2 -1.5 0.0564706
-10 -2 -1 0.0571429
-10 -2 -0.5 0.057554
-10 -2 0 0.0576923
-10 -2 0.5 0.057554
-10 -2 1 0.0571429
-10 -2 1.5 0.0564706
-10 -2 2 0.0555556
-10 -2 2.5 0.0544218
-10 -2 3 0.0530973
-10 -2 3.5 0.0516129
-10 -2 4 0.05
-10 -2 4.5 0.0482897
-10 -2 5 0.0465116
-10 -2 5.5 0.0446927
-10 -2 6 0.0428571
-10 -2 6.5 0.0410256
-10 -2 7 0.0392157
-10 -2 7.5 0.0374415
-10 -2 8 0.0357143
-10 -2 8.5 0.0340426
-10 -2 9 0.0324324
-10 -2 9.5 0.030888
-10 -2 10 0.0294118
-10 -1.5 -10 0.0296663
-10 -1.5 -9.5 0.0311688
-10 -1.5 -9 0.0327422
-10 -1.5 -8.5 0.034384
-10 -1.5 -8 0.0360902
-10 -1.5 -7.5 0.0378549
-10 -1.5 -7 0.0396694
-10 -1.5 -6.5 0.0415225
-10 -1.5 -6 0.0433996
-10 -1.5 -5.5 0.045283
-10 -1.5 -5 0.0471513
-10 -1.5 -4.5 0.0489796
-10 -1.5 -4 0.05074
-10 -1.5 -3.5 0.0524017
-10 -1.5 -3 0.0539326
-10 -1.5 -2.5 0.0552995
-10 -1.5 -2 0.0564706
-10 -1.5 -1.5 0.0574163
-10 -1.5 -1 0.0581114
-10 -1.5 -0.5 0.0585366
-10 -1.5 0 0.0586797
-10 -1.5 0.5 0.0585366
-10 -1.5 1 0.0581114
-10 -1.5 1.5 0.0574163
-10 -1.5 2 0.0564706
-10 -1.5 2.5 0.0552995
-10 -1.5 3 0.0539326
-10 -1.5 3.5 0.0524017
-10 -1.5 4 0.05074
-10 -1.5 4.5 0.0489796
-10 -1.5 5 0.0471513
-10 -1.5 5.5 0.045283
-10 -1.5 6 0.0433996
-10 -1.5 6.5 0.0415225
-10 -1.5 7 0.0396694
-10 -1.5 7.5 0.0378549
-10 -1.5 8 0.0360902
-10 -1.5 8.5 0.034384
-10 -1.5 9 0.0327422
-10 -1.5 9.5 0.0311688
-10 -1.5 10 0.0296663
-10 -1 -10 0.0298507
-10 -1 -9.5 0.0313725
-10 -1 -9 0.032967
-10 -1 -8.5 0.034632
-10 -1 -8 0.0363636
-10 -1 -7.5 0.0381558
-10 -1 -7 0.04
-10 -1 -6.5 0.0418848
-10 -1 -6 0.0437956
-10 -1 -5.5 0.0457143
-10 -1 -5 0.047619
-10 -1 -4.5 0.0494845
-10 -1 -4 0.0512821
-10 -1 -3.5 0.0529801
-10 -1 -3 0.0545455
-10 -1 -2.5 0.0559441
-10 -1 -2 0.0571429
-10 -1 -1.5 0.0581114
-10 -1 -1 0.0588235
-10 -1 -0.5 0.0592593
-10 -1 0 0.0594059
-10 -1 0.5 0.0592593
-10 -1 1 0.0588235
-10 -1 1.5 0.0581114
-10 -1 2 0.0571429
-10 -1 2.5 0.0559441
-10 -1 3 0.0545455
-10 -1 3.5 0.0529801
-10 -1 4 0.0512821
-10 -1 4.5 0.0494845
-10 -1 5 0.047619
-10 -1 5.5 0.0457143
-10 -1 6 0.0437956
-10 -1 6.5 0.0418848
-10 -1 7 0.04
-10 -1 7.5 0.0381558
-10 -1 8 0.0363636
-10 -1 8.5 0.034632
-10 -1 9 0.032967
-10 -1 9.5 0.0313725
-10 -1 10 0.0298507
-10 -0.5 -10 0.0299625
-10 -0.5 -9.5 0.0314961
-10 -0.5 -9 0.0331034
-10 -0.5 -8.5 0.0347826
-10 -0.5 -8 0.0365297
-10 -0.5 -7.5 0.0383387
-10 -0.5 -7 0.040201
-10 -0.5 -6.5 0.0421053
-10 -0.5 -6 0.0440367
-10 -0.5 -5.5 0.045977
-10 -0.5 -5 0.0479042
-10 -0.5 -4.5 0.0497925
-10 -0.5 -4 0.0516129
-10 -0.5 -3.5 0.0533333
-10 -0.5 -3 0.0549199
-10 -0.5 -2.5 0.056338
-10 -0.5 -2 0.057554
-10 -0.5 -1.5 0.0585366
-10 -0.5 -1 0.0592593
-10 -0.5 -0.5 0.0597015
-10 -0.5 0 0.0598504
-10 -0.5 0.5 0.0597015
-10 -0.5 1 0.0592593
-10 -0.5 1.5 0.0585366
-10 -0.5 2 0.057554
-10 -0.5 2.5 0.056338
-10 -0.5 3 0.0549199
-10 -0.5 3.5 0.0533333
-10 -0.5 4 0.0516129
-10 -0.5 4.5 0.0497925
-10 -0.5 5 0.0479042
-10 -0.5 5.5 0.045977
-10 -0.5 6 0.0440367
-10 -0.5 6.5 0.0421053
-10 -0.5 7 0.040201
-10 -0.5 7.5 0.0383387
-10 -0.5 8 0.0365297
-10 -0.5 8.5 0.0347826
-10 -0.5 9 0.0331034
-10 -0.5 9.5 0.0314961
-10 -0.5 10 0.0299625
-10 0 -10 0.03
-10 0 -9.5 0.0315375
-10 0 -9 0.0331492
-10 0 -8.5 0.0348331
-10 0 -8 0.0365854
-10 0 -7.5 0.0384
-10 0 -7 0.0402685
-10 0 -6.5 0.0421793
-10 0 -6 0.0441176
-10 0 -5.5 0.0460653
-10 0 -5 0.048
-10 0 -4.5 0.049896
-10 0 -4 0.0517241
-10 0 -3.5 0.0534521
-10 0 -3 0.0550459
-10 0 -2.5 0.0564706
-10 0 -2 0.0576923
-10 0 -1.5 0.0586797
-10 0 -1 0.0594059
-10 0 -0.5 0.0598504
-10 0 0 0.06
-10 0 0.5 0.0598504
-10 0 1 0.0594059
-10 0 1.5 0.0586797
-10 0 2 0.0576923
-10 0 2.5 0.0564706
-10 0 3 0.0550459
-10 0 3.5 0.0534521
-10 0 4 0.0517241
-10 0 4.5 0.049896
-10 0 5 0.048
-10 0 5.5 0.0460653
-10 0 6 0.0441176
-10 0 6.5 0.0421793
-10 0 7 0.0402685
-10 0 7.5 0.0384
-10 0 8 0.0365854
-10 0 8.5 0.0348331
-10 0 9 0.0331492
-10 0 9.5 0.0315375
-10 0 10 0.03
-10 0.5 -10 0.0299625
-10 0.5 -9.5 0.0314961
-10 0.5 -9 0.0331034
-10 0.5 -8.5 0.0347826
-10 0.5 -8 0.0365297
-10 0.5 -7.5 0.0383387
-10 0.5 -7 0.040201
-10 0.5 -6.5 0.0421053
-10 0.5 -6 0.0440367
-10 0.5 -5.5 0.045977
-10 0.5 -5 0.0479042
-10 0.5 -4.5 0.0497925
-10 0.5 -4 0.0516129
-10 0.5 -3.5 0.0533333
-10 0.5 -3 0.0549199
-10 0.5 -2.5 0.056338
-10 0.5 -2 0.057554
-10 0.5 -1.5 0.0585366
-10 0.5 -1 0.0592593
-10 0.5 -0.5 0.0597015
-10 0.5 0 0.0598504
-10 0.5 0.5 0.0597015
-10 0.5 1 0.0592593
-10 0.5 1.5 0.0585366
-10 0.5 2 0.057554
-10 0.5 2.5 0.056338
-10 0.5 3 0.0549199
-10 0.5 3.5 0.0533333
-10 0.5 4 0.0516129
-10 0.5 4.5 0.0497925
-10 0.5 5 0.0479042
-10 0.5 5.5 0.045977
-10 0.5 6 0.0440367
-10 0.5 6.5 0.0421053
-10 0.5 7 0.040201
-10 0.5 7.5 0.0383387
-10 0.5 8 0.0365297
-10 0.5 8.5 0.0347826
-10 0.5 9 0.0331034
-10 0.5 9.5 0.0314961
-10 0.5 10 0.0299625
-10 1 -10 0.0298507
-10 1 -9.5 0.0313725
-10 1 -9 0.032967
-10 1 -8.5 0.034632
-10 1 -8 0.0363636
-10 1 -7.5 0.0381558
-10 1 -7 0.04
-10 1 -6.5 0.0418848
-10 1 -6 0.0437956
-10 1 -5.5 0.0457143
-10 1 -5 0.047619
-10 1 -4.5 0.0494845
-10 1 -4 0.0512821
-10 1 -3.5 0.0529801
-10 1 -3 0.0545455
-10 1 -2.5 0.0559441
-10 1 -2 0.0571429
-10 1 -1.5 0.0581114
-10 1 -1 0.0588235
-10 1 -0.5 0.0592593
-10 1 0 0.0594059
-10 1 0.5 0.0592593
-10 1 1 0.0588235
-10 1 1.5 0.0581114
-10 1 2 0.0571429
-10 1 2.5 0.0559441
-10 1 3 0.0545455
-10 1 3.5 0.0529801
-10 1 4 0.0512821
-10 1 4.5 0.0494845
-10 1 5 0.047619
-10 1 5.5 0.0457143
-10 1 6 0.0437956
-10 1 6.5 0.0418848
-10 1 7 0.04
-10 1 7.5 0.0381558
-10 1 8 0.0363636
-10 1 8.5 0.034632
-10 1 9 0.032967
-10 1 9.5 0.0313725
-10 1 10 0.0298507
-10 1.5 -10 0.0296663
-10 1.5 -9.5 0.0311688
-10 1.5 -9 0.0327422
-10 1.5 -8.5 0.034384
-10 1.5 -8 0.0360902
-10 1.5 -7.5 0.0378549
-10 1.5 -7 0.0396694
-10 1.5 -6.5 0.0415225
-10 1.5 -6 0.0433996
-10 1.5 -5.5 0.045283
-10 1.5 -5 0.0471513
-10 1.5 -4.5 0.0489796
-10 1.5 -4 0.05074
-10 1.5 -3.5 0.0524017
-10 1.5 -3 0.0539326
-10 1.5 -2.5 0.0552995
-10 1.5 -2 0.0564706
-10 1.5 -1.5 0.0574163
-10 1.5 -1 0.0581114
-10 1.5 -0.5 0.0585366
-10 1.5 0 0.0586797
-10 1.5 0.5 0.0585366
-10 1.5 1 0.0581114
-10 1.5 1.5 0.0574163
-10 1.5 2 0.0564706
-10 1.5 2.5 0.0552995
-10 1.5 3 0.0539326
-10 1.5 3.5 0.0524017
-10 1.5 4 0.05074
-10 1.5 4.5 0.0489796
-10 1.5 5 0.0471513
-10 1.5 5.5 0.045283
-10 1.5 6 0.0433996
-10 1.5 6.5 0.0415225
-10 1.5 7 0.0396694
-10 1.5 7.5 0.0378549
-10 1.5 8 0.0360902
-10 1.5 8.5 0.034384
-10 1.5 9 0.0327422
-10 1.5 9.5 0.0311688
-10 1.5 10 0.0296663
-10 2 -10 0.0294118
-10 2 -9.5 0.030888
-10 2 -9 0.0324324
-10 2 -8.5 0.0340426
-10 2 -8 0.0357143
-10 2 -7.5 0.0374415
-10 2 -7 0.0392157
-10 2 -6.5 0.0410256
-10 2 -6 0.0428571
-10 2 -5.5 0.0446927
-10 2 -5 0.0465116
-10 2 -4.5 0.0482897
-10 2 -4 0.05
-10 2 -3.5 0.0516129
-10 2 -3 0.0530973
-10 2 -2.5 0.0544218
-10 2 -2 0.0555556
-10 2 -1.5 0.0564706
-10 2 -1 0.0571429
-10 2 -0.5 0.057554
-10 2 0 0.0576923
-10 2 0.5 0.057554
-10 2 1 0.0571429
-10 2 1.5 0.0564706
-10 2 2 0.0555556
-10 2 2.5 0.0544218
-10 2 3 0.0530973
-10 2 3.5 0.0516129
-10 2 4 0.05
-10 2 4.5 0.0482897
-10 2 5 0.0465116
-10 2 5.5 0.0446927
-10 2 6 0.0428571
-10 2 6.5 0.0410256
-10 2 7 0.0392157
-10 2 7.5 0.0374415
-10 2 8 0.0357143
-10 2 8.5 0.0340426
-10 2 9 0.0324324
-10 2 9.5 0.030888
-10 2 10 0.0294118
-10 2.5 -10 0.0290909
-10 2.5 -9.5 0.0305344
-10 2.5 -9 0.0320427
-10 2.5 -8.5 0.0336134
-10 2.5 -8 0.0352423
-10 2.5 -7.5 0.0369231
-10 2.5 -7 0.0386473
-10 2.5 -6.5 0.040404
-10 2.5 -6 0.0421793
-10 2.5 -5.5 0.043956
-10 2.5 -5 0.0457143
-10 2.5 -4.5 0.0474308
-10 2.5 -4 0.0490798
-10 2.5 -3.5 0.0506329
-10 2.5 -3 0.0520607
-10 2.5 -2.5 0.0533333
-10 2.5 -2 0.0544218
-10 2.5 -1.5 0.0552995
-10 2.5 -1 0.0559441
-10 2.5 -0.5 0.056338
-10 2.5 0 0.0564706
-10 2.5 0.5 0.056338
-10 2.5 1 0.0559441
-10 2.5 1.5 0.0552995
-10 2.5 2 0.0544218
-10 2.5 2.5 0.0533333
-10 2.5 3 0.0520607
-10 2.5 3.5 0.0506329
-10 2.5 4 0.0490798
-10 2.5 4.5 0.0474308
-10 2.5 5 0.0457143
-10 2.5 5.5 0.043956
-10 2.5 6 0.0421793
-10 2.5 6.5 0.040404
-10 2.5 7 0.0386473
-10 2.5 7.5 0.0369231
-10 2.5 8 0.0352423
-10 2.5 8.5 0.0336134
-10 2.5 9 0.0320427
-10 2.5 9.5 0.0305344
-10 2.5 10 0.0290909
-10 3 -10 0.0287081
-10 3 -9.5 0.0301129
-10 3 -9 0.0315789
-10 3 -8.5 0.0331034
-10 3 -8 0.0346821
-10 3 -7.5 0.0363086
-10 3 -7 0.0379747
-10 3 -6.5 0.0396694
-10 3 -6 0.0413793
-10 3 -5.5 0.043088
-10 3 -5 0.0447761
-10 3 -4.5 0.0464217
-10 3 -4 0.048
-10 3 -3.5 0.0494845
-10 3 -3 0.0508475
-10 3 -2.5 0.0520607
-10 3 -2 0.0530973
-10 3 -1.5 0.0539326
-10 3 -1 0.0545455
-10 3 -0.5 0.0549199
-10 3 0 0.0550459
-10 3 0.5 0.0549199
-10 3 1 0.0545455
-10 3 1.5 0.0539326
-10 3 2 0.0530973
-10 3 2.5 0.0520607
-10 3 3 0.0508475
-10 3 3.5 0.0494845
-10 3 4 0.048
-10 3 4.5 0.0464217
-10 3 5 0.0447761
-10 3 5.5 0.043088
-10 3 6 0.0413793
-10 3 6.5 0.0396694
-10 3 7 0.0379747
-10 3 7.5 0.0363086
-10 3 8 0.0346821
-10 3 8.5 0.0331034
-10 3 9 0.0315789
-10 3 9.5 0.0301129
-10 3 10 0.0287081
-10 3.5 -10 0.0282686
-10 3.5 -9.5 0.0296296
-10 3.5 -9 0.0310479
-10 3.5 -8.5 0.0325203
-10 3.5 -8 0.0340426
-10 3.5 -7.5 0.0356083
-10 3.5 -7 0.0372093
-10 3.5 -6.5 0.038835
-10 3.5 -6 0.0404722
-10 3.5 -5.5 0.0421053
-10 3.5 -5 0.0437158
-10 3.5 -4.5 0.045283
-10 3.5 -4 0.0467836
-10 3.5 -3.5 0.0481928
-10 3.5 -3 0.0494845
-10 3.5 -2.5 0.0506329
-10 3.5 -2 0.0516129
-10 3.5 -1.5 0.0524017
-10 3.5 -1 0.0529801
-10 3.5 -0.5 0.0533333
-10 3.5 0 0.0534521
-10 3.5 0.5 0.0533333
-10 3.5 1 0.0529801
-10 3.5 1.5 0.0524017
-10 3.5 2 0.0516129
-10 3.5 2.5 0.0506329
-10 3.5 3 0.0494845
-10 3.5 3.5 0.0481928
-10 3.5 4 0.0467836
-10 3.5 4.5 0.045283
-10 3.5 5 0.0437158
-10 3.5 5.5 0.0421053
-10 3.5 6 0.0404722
-10 3.5 6.5 0.038835
-10 3.5 7 0.0372093
-10 3.5 7.5 0.0356083
-10 3.5 8 0.0340426
-10 3.5 8.5 0.0325203
-10 3.5 9 0.0310479
-10 3.5 9.5 0.0296296
-10 3.5 10 0.0282686
-10 4 -10 0.0277778
-10 4 -9.5 0.0290909
-10 4 -9 0.0304569
-10 4 -8.5 0.0318725
-10 4 -8 0.0333333
-10 4 -7.5 0.0348331
-10 4 -7 0.0363636
-10 4 -6.5 0.0379147
-10 4 -6 0.0394737
-10 4 -5.5 0.0410256
-10 4 -5 0.0425532
-10 4 -4.5 0.0440367
-10 4 -4 0.0454545
-10 4 -3.5 0.0467836
-10 4 -3 0.048
-10 4 -2.5 0.0490798
-10 4 -2 0.05
-10 4 -1.5 0.05074
-10 4 -1 0.0512821
-10 4 -0.5 0.0516129
-10 4 0 0.0517241
-10 4 0.5 0.0516129
-10 4 1 0.0512821
-10 4 1.5 0.05074
-10 4 2 0.05
-10 4 2.5 0.0490798
-10 4 3 0.048
-10 4 3.5 0.0467836
-10 4 4 0.0454545
-10 4 4.5 0.0440367
-10 4 5 0.0425532
-10 4 5.5 0.0410256
-10 4 6 0.0394737
-10 4 6.5 0.0379147
-10 4 7 0.0363636
-10 4 7.5 0.0348331
-10 4 8 0.0333333
-10 4 8.5 0.0318725
-10 4 9 0.0304569
-10 4 9.5 0.0290909
-10 4 10 0.0277778
-10 4.5 -10 0.0272418
-10 4.5 -9.5 0.0285036
-10 4.5 -9 0.0298137
-10 4.5 -8.5 0.0311688
-10 4.5 -8 0.0325645
-10 4.5 -7.5 0.0339943
-10 4.5 -7 0.0354505
-10 4.5 -6.5 0.0369231
-10 4.5 -6 0.0384
-10 4.5 -5.5 0.0398671
-10 4.5 -5 0.0413081
-10 4.5 -4.5 0.0427046
-10 4.5 -4 0.0440367
-10 4.5 -3.5 0.045283
-10 4.5 -3 0.0464217
-10 4.5 -2.5 0.0474308
-10 4.5 -2 0.0482897
-10 4.5 -1.5 0.0489796
-10 4.5 -1 0.0494845
-10 4.5 -0.5 0.0497925
-10 4.5 0 0.049896
-10 4.5 0.5 0.0497925
-10 4.5 1 0.0494845
-10 4.5 1.5 0.0489796
-10 4.5 2 0.0482897
-10 4.5 2.5 0.0474308
-10 4.5 3 0.0464217
-10 4.5 3.5 0.045283
-10 4.5 4 0.0440367
-10 4.5 4.5 0.0427046
-10 4.5 5 0.0413081
-10 4.5 5.5 0.0398671
-10 4.5 6 0.0384
-10 4.5 6.5 0.0369231
-10 4.5 7 0.0354505
-10 4.5 7.5 0.0339943
-10 4.5 8 0.0325645
-10 4.5 8.5 0.0311688
-10 4.5 9 0.0298137
-10 4.5 9.5 0.0285036
-10 4.5 10 0.0272418
-10 5 -10 0.0266667
-10 5 -9.5 0.0278746
-10 5 -9 0.0291262
-10 5 -8.5 0.0304183
-10 5 -8 0.031746
-10 5 -7.5 0.0331034
-10 5 -7 0.0344828
-10 5 -6.5 0.0358744
-10 5 -6 0.0372671
-10 5 -5.5 0.0386473
-10 5 -5 0.04
-10 5 -4.5 0.0413081
-10 5 -4 0.0425532
-10 5 -3.5 0.0437158
-10 5 -3 0.0447761
-10 5 -2.5 0.0457143
-10 5 -2 0.0465116
-10 5 -1.5 0.0471513
-10 5 -1 0.047619
-10 5 -0.5 0.0479042
-10 5 0 0.048
-10 5 0.5 0.0479042
-10 5 1 0.047619
-10 5 1.5 0.0471513
-10 5 2 0.0465116
-10 5 2.5 0.0457143
-10 5 3 0.0447761
-10 5 3.5 0.0437158
-10 5 4 0.0425532
-10 5 4.5 0.0413081
-10 5 5 0.04
-10 5 5.5 0.0386473
-10 5 6 0.0372671
-10 5 6.5 0.0358744
-10 5 7 0.0344828
-10 5 7.5 0.0331034
-10 5 8 0.031746
-10 5 8.5 0.0304183
-10 5 9 0.0291262
-10 5 9.5 0.0278746
-10 5 10 0.0266667
-10 5.5 -10 0.0260586
-10 5.5 -9.5 0.0272109
-10 5.5 -9 0.0284024
-10 5.5 -8.5 0.0296296
-10 5.5 -8 0.030888
-10 5.5 -7.5 0.0321716
-10 5.5 -7 0.0334728
-10 5.5 -6.5 0.0347826
-10 5.5 -6 0.0360902
-10 5.5 -5.5 0.0373832
-10 5.5 -5 0.0386473
-10 5.5 -4.5 0.0398671
-10 5.5 -4 0.0410256
-10 5.5 -3.5 0.0421053
-10 5.5 -3 0.043088
-10 5.5 -2.5 0.043956
-10 5.5 -2 0.0446927
-10 5.5 -1.5 0.045283
-10 5.5 -1 0.0457143
-10 5.5 -0.5 0.045977
-10 5.5 0 0.0460653
-10 5.5 0.5 0.045977
-10 5.5 1 0.0457143
-10 5.5 1.5 0.045283
-10 5.5 2 0.0446927
-10 5.5 2.5 0.043956
-10 5.5 3 0.043088
-10 5.5 3.5 0.0421053
-10 5.5 4 0.0410256
-10 5.5 4.5 0.0398671
-10 5.5 5 0.0386473
-10 5.5 5.5 0.0373832
-10 5.5 6 0.0360902
-10 5.5 6.5 0.0347826
-10 5.5 7 0.0334728
-10 5.5 7.5 0.0321716
-10 5.5 8 0.030888
-10 5.5 8.5 0.0296296
-10 5.5 9 0.0284024
-10 5.5 9.5 0.0272109
-10 5.5 10 0.0260586
-10 6 -10 0.0254237
-10 6 -9.5 0.0265193
-10 6 -9 0.0276498
-10 6 -8.5 0.0288115
-10 6 -8 0.03
-10 6 -7.5 0.0312094
-10 6 -7 0.0324324
-10 6 -6.5 0.0336606
-10 6 -6 0.0348837
-10 6 -5.5 0.0360902
-10 6 -5 0.0372671
-10 6 -4.5 0.0384
-10 6 -4 0.0394737
-10 6 -3.5 0.0404722
-10 6 -3 0.0413793
-10 6 -2.5 0.0421793
-10 6 -2 0.0428571
-10 6 -1.5 0.0433996
-10 6 -1 0.0437956
-10 6 -0.5 0.0440367
-10 6 0 0.0441176
-10 6 0.5 0.0440367
-10 6 1 0.0437956
-10 6 1.5 0.0433996
-10 6 2 0.0428571
-10 6 2.5 0.0421793
-10 6 3 0.0413793
-10 6 3.5 0.0404722
-10 6 4 0.0394737
-10 6 4.5 0.0384
-10 6 5 0.0372671
-10 6 5.5 0.0360902
-10 6 6 0.0348837
-10 6 6.5 0.0336606
-10 6 7 0.0324324
-10 6 7.5 0.0312094
-10 6 8 0.03
-10 6 8.5 0.0288115
-10 6 9 0.0276498
-10 6 9.5 0.0265193
-10 6 10 0.0254237
-10 6.5 -10 0.0247678
-10 6.5 -9.5 0.0258065
-10 6.5 -9 0.0268757
-10 6.5 -8.5 0.027972
-10 6.5 -8 0.0290909
-10 6.5 -7.5 0.0302267
-10 6.5 -7 0.0313725
-10 6.5 -6.5 0.0325203
-10 6.5 -6 0.0336606
-10 6.5 -5.5 0.0347826
-10 6.5 -5 0.0358744
-10 6.5 -4.5 0.0369231
-10 6.5 -4 0.0379147
-10 6.5 -3.5 0.038835
-10 6.5 -3 0.0396694
-10 6.5 -2.5 0.040404
-10 6.5 -2 0.0410256
-10 6.5 -1.5 0.0415225
-10 6.5 -1 0.0418848
-10 6.5 -0.5 0.0421053
-10 6.5 0 0.0421793
-10 6.5 0.5 0.0421053
-10 6.5 1 0.0418848
-10 6.5 1.5 0.0415225
-10 6.5 2 0.0410256
-10 6.5 2.5 0.040404
-10 6.5 3 0.0396694
-10 6.5 3.5 0.038835
-10 6.5 4 0.0379147
-10 6.5 4.5 0.0369231
-10 6.5 5 0.0358744
-10 6.5 5.5 0.0347826
-10 6.5 6 0.0336606
-10 6.5 6.5 0.0325203
-10 6.5 7 0.0313725
-10 6.5 7.5 0.0302267
-10 6.5 8 0.0290909
-10 6.5 8.5 0.027972
-10 6.5 9 0.0268757
-10 6.5 9.5 0.0258065
-10 6.5 10 0.0247678
-10 7 -10 0.0240964
-10 7 -9.5 0.0250784
-10 7 -9 0.026087
-10 7 -8.5 0.0271186
-10 7 -8 0.028169
-10 7 -7.5 0.0292326
-10 7 -7 0.030303
-10 7 -6.5 0.0313725
-10 7 -6 0.0324324
-10 7 -5.5 0.0334728
-10 7 -5 0.0344828
-10 7 -4.5 0.0354505
-10 7 -4 0.0363636
-10 7 -3.5 0.0372093
-10 7 -3 0.0379747
-10 7 -2.5 0.0386473
-10 7 -2 0.0392157
-10 7 -1.5 0.0396694
-10 7 -1 0.04
-10 7 -0.5 0.040201
-10 7 0 0.0402685
-10 7 0.5 0.040201
-10 7 1 0.04
-10 7 1.5 0.0396694
-10 7 2 0.0392157
-10 7 2.5 0.0386473
-10 7 3 0.0379747
-10 7 3.5 0.0372093
-10 7 4 0.0363636
-10 7 4.5 0.0354505
-10 7 5 0.0344828
-10 7 5.5 0.0334728
-10 7 6 0.0324324
-10 7 6.5 0.0313725
-10 7 7 0.030303
-10 7 7.5 0.0292326
-10 7 8 0.028169
-10 7 8.5 0.0271186
-10 7 9 0.026087
-10 7 9.5 0.0250784
-10 7 10 0.0240964
-10 7.5 -10 0.0234146
-10 7.5 -9.5 0.0243408
-10 7.5 -9 0.0252898
-10 7.5 -8.5 0.0262582
-10 7.5 -8 0.0272418
-10 7.5 -7.5 0.0282353
-10 7.5 -7 0.0292326
-10 7.5 -6.5 0.0302267
-10 7.5 -6 0.0312094
-10 7.5 -5.5 0.0321716
-10 7.5 -5 0.0331034
-10 7.5 -4.5 0.0339943
-10 7.5 -4 0.0348331
-10 7.5 -3.5 0.0356083
-10 7.5 -3 0.0363086
-10 7.5 -2.5 0.0369231
-10 7.5 -2 0.0374415
-10 7.5 -1.5 0.0378549
-10 7.5 -1 0.0381558
-10 7.5 -0.5 0.0383387
-10 7.5 0 0.0384
-10 7.5 0.5 0.0383387
-10 7.5 1 0.0381558
-10 7.5 1.5 0.0378549
-10 7.5 2 0.0374415
-10 7.5 2.5 0.0369231
-10 7.5 3 0.0363086
-10 7.5 3.5 0.0356083
-10 7.5 4 0.0348331
-10 7.5 4.5 0.0339943
-10 7.5 5 0.0331034
-10 7.5 5.5 0.0321716
-10 7.5 6 0.0312094
-10 7.5 6.5 0.0302267
-10 7.5 7 0.0292326
-10 7.5 7.5 0.0282353
-10 7.5 8 0.0272418
-10 7.5 8.5 0.0262582
-10 7.5 9 0.0252898
-10 7.5 9.5 0.0243408
-10 7.5 10 0.0234146
-10 8 -10 0.0227273
-10 8 -9.5 0.0235988
-10 8 -9 0.0244898
-10 8 -8.5 0.0253968
-10 8 -8 0.0263158
-10 8 -7.5 0.0272418
-10 8 -7 0.028169
-10 8 -6.5 0.0290909
-10 8 -6 0.03
-10 8 -5.5 0.030888
-10 8 -5 0.031746
-10 8 -4.5 0.0325645
-10 8 -4 0.0333333
-10 8 -3.5 0.0340426
-10 8 -3 0.0346821
-10 8 -2.5 0.0352423
-10 8 -2 0.0357143
-10 8 -1.5 0.0360902
-10 8 -1 0.0363636
-10 8 -0.5 0.0365297
-10 8 0 0.0365854
-10 8 0.5 0.0365297
-10 8 1 0.0363636
-10 8 1.5 0.0360902
-10 8 2 0.0357143
-10 8 2.5 0.0352423
-10 8 3 0.0346821
-10 8 3.5 0.0340426
-10 8 4 0.0333333
-10 8 4.5 0.0325645
-10 8 5 0.031746
-10 8 5.5 0.030888
-10 8 6 0.03
-10 8 6.5 0.0290909
-10 8 7 0.028169
-10 8 7.5 0.0272418
-10 8 8 0.0263158
-10 8 8.5 0.0253968
-10 8 9 0.0244898
-10 8 9.5 0.0235988
-10 8 10 0.0227273
-10 8.5 -10 0.0220386
-10 8.5 -9.5 0.0228571
-10 8.5 -9 0.023692
-10 8.5 -8.5 0.0245399
-10 8.5 -8 0.0253968
-10 8.5 -7.5 0.0262582
-10 8.5 -7 0.0271186
-10 8.5 -6.5 0.027972
-10 8.5 -6 0.0288115
-10 8.5 -5.5 0.0296296
-10 8.5 -5 0.0304183
-10 8.5 -4.5 0.0311688
-10 8.5 -4 0.0318725
-10 8.5 -3.5 0.0325203
-10 8.5 -3 0.0331034
-10 8.5 -2.5 0.0336134
-10 8.5 -2 0.0340426
-10 8.5 -1.5 0.034384
-10 8.5 -1 0.034632
-10 8.5 -0.5 0.0347826
-10 8.5 0 0.0348331
-10 8.5 0.5 0.0347826
-10 8.5 1 0.034632
-10 8.5 1.5 0.034384
-10 8.5 2 0.0340426
-10 8.5 2.5 0.0336134
-10 8.5 3 0.0331034
-10 8.5 3.5 0.0325203
-10 8.5 4 0.0318725
-10 8.5 4.5 0.0311688
-10 8.5 5 0.0304183
-10 8.5 5.5 0.0296296
-10 8.5 6 0.0288115
-10 8.5 6.5 0.027972
-10 8.5 7 0.0271186
-10 8.5 7.5 0.0262582
-10 8.5 8 0.0253968
-10 8.5 8.5 0.0245399
-10 8.5 9 0.023692
-10 8.5 9.5 0.0228571
-10 8.5 10 0.0220386
-10 9 -10 0.0213523
-10 9 -9.5 0.0221198
-10 9 -9 0.0229008
-10 9 -8.5 0.023692
-10 9 -8 0.0244898
-10 9 -7.5 0.0252898
-10 9 -7 0.026087
-10 9 -6.5 0.0268757
-10 9 -6 0.0276498
-10 9 -5.5 0.0284024
-10 9 -5 0.0291262
-10 9 -4.5 0.0298137
-10 9 -4 0.0304569
-10 9 -3.5 0.0310479
-10 9 -3 0.0315789
-10 9 -2.5 0.0320427
-10 9 -2 0.0324324
-10 9 -1.5 0.0327422
-10 9 -1 0.032967
-10 9 -0.5 0.0331034
-10 9 0 0.0331492
-10 9 0.5 0.0331034
-10 9 1 0.032967
-10 9 1.5 0.0327422
-10 9 2 0.0324324
-10 9 2.5 0.0320427
-10 9 3 0.0315789
-10 9 3.5 0.0310479
-10 9 4 0.0304569
-10 9 4.5 0.0298137
-10 9 5 0.0291262
-10 9 5.5 0.0284024
-10 9 6 0.0276498
-10 9 6.5 0.0268757
-10 9 7 0.026087
-10 9 7.5 0.0252898
-10 9 8 0.0244898
-10 9 8.5 0.023692
-10 9 9 0.0229008
-10 9 9.5 0.0221198
-10 9 10 0.0213523
-10 9.5 -10 0.0206718
-10 9.5 -9.5 0.0213904
-10 9.5 -9 0.0221198
-10 9.5 -8.5 0.0228571
-10 9.5 -8 0.0235988
-10 9.5 -7.5 0.0243408
-10 9.5 -7 0.0250784
-10 9.5 -6.5 0.0258065
-10 9.5 -6 0.0265193
-10 9.5 -5.5 0.0272109
-10 9.5 -5 0.0278746
-10 9.5 -4.5 0.0285036
-10 9.5 -4 0.0290909
-10 9.5 -3.5 0.0296296
-10 9.5 -3 0.0301129
-10 9.5 -2.5 0.0305344
-10 9.5 -2 0.030888
-10 9.5 -1.5 0.0311688
-10 9.5 -1 0.0313725
-10 9.5 -0.5 0.0314961
-10 9.5 0 0.0315375
-10 9.5 0.5 0.0314961
-10 9.5 1 0.0313725
-10 9.5 1.5 0.0311688
-10 9.5 2 0.030888
-10 9.5 2.5 0.0305344
-10 9.5 3 0.0301129
-10 9.5 3.5 0.0296296
-10 9.5 4 0.0290909
-10 9.5 4.5 0.0285036
-10 9.5 5 0.0278746
-10 9.5 5.5 0.0272109
-10 9.5 6 0.0265193
-10 9.5 6.5 0.0258065
-10 9.5 7 0.0250784
-10 9.5 7.5 0.0243408
-10 9.5 8 0.0235988
-10 9.5 8.5 0.0228571
-10 9.5 9 0.0221198
-10 9.5 9.5 0.0213904
-10 9.5 10 0.0206718
-10 10 -10 0.02
-10 10 -9.5 0.0206718
-10 10 -9 0.0213523
-10 10 -8.5 0.0220386
-10 10 -8 0.0227273
-10 10 -7.5 0.0234146
-10 10 -7 0.0240964
-10 10 -6.5 0.0247678
-10 10 -6 0.0254237
-10 10 -5.5 0.0260586
-10 10 -5 0.0266667
-10 10 -4.5 0.0272418
-10 10 -4 0.0277778
-10 10 -3.5 0.0282686
-10 10 -3 0.0287081
-10 10 -2.5 0.0290909
-10 10 -2 0.0294118
-10 10 -1.5 0.0296663
-10 10 -1 0.0298507
-10 10 -0.5 0.0299625
-10 10 0 0.03
-10 10 0.5 0.0299625
-10 10 1 0.0298507
-10 10 1.5 0.0296663
-10 10 2 0.0294118
-10 10 2.5 0.0290909
-10 10 3 0.0287081
-10 10 3.5 0.0282686
-10 10 4 0.0277778
-10 10 4.5 0.0272418
-10 10 5 0.0266667
-10 10 5.5 0.0260586
-10 10 6 0.0254237
-10 10 6.5 0.0247678
-10 10 7 0.0240964
-10 10 7.5 0.0234146
-10 10 8 0.0227273
-10 10 8.5 0.0220386
-10 10 9 0.0213523
-10 10 9.5 0.0206718
-10 10 10 0.02
-9.5 -10 -10 0.0206718
-9.5 -10 -9.5 0.0213904
-9.5 -10 -9 0.0221198
-9.5 -10 -8.5 0.0228571
-9.5 -10 -8 0.0235988
-9.5 -10 -7.5 0.0243408
-9.5 -10 -7 0.0250784
-9.5 -10 -6.5 0.0258065
-9.5 -10 -6 0.0265193
-9.5 -10 -5.5 0.0272109
-9.5 -10 -5 0.0278746
-9.5 -10 -4.5 0.0285036
-9.5 -10 -4 0.0290909
-9.5 -10 -3.5 0.0296296
-9.5 -10 -3 0.0301129
-9.5 -10 -2.5 0.0305344
-9.5 -10 -2 0.030888
-9.5 -10 -1.5 0.0311688
-9.5 -10 -1 0.0313725
-9.5 -10 -0.5 0.0314961
-9.5 -10 0 0.0315375
-9.5 -10 0.5 0.0314961
-9.5 -10 1 0.0313725
-9.5 -10 1.5 0.0311688
-9.5 -10 2 0.030888
-9.5 -10 2.5 0.0305344
-9.5 -10 3 0.0301129
-9.5 -10 3.5 0.0296296
-9.5 -10 4 0.0290909
-9.5 -10 4.5 0.0285036
-9.5 -10 5 0.0278746
-9.5 -10 5.5 0.0272109
-9.5 -10 6 0.0265193
-9.5 -10 6.5 0.0258065
-9.5 -10 7 0.0250784
-9.5 -10 7.5 0.0243408
-9.5 -10 8 0.0235988
-9.5 -10 8.5 0.0228571
-9.5 -10 9 0.0221198
-9.5 -10 9.5 0.0213904
-9.5 -10 10 0.0206718
-9.5 -9.5 -10 0.0213904
-9.5 -9.5 -9.5 0.0221607
-9.5 -9.5 -9 0.0229446
-9.5 -9.5 -8.5 0.0237389
-9.5 -9.5 -8 0.0245399
-9.5 -9.5 -7.5 0.0253432
-9.5 -9.5 -7 0.0261438
-9.5 -9.5 -6.5 0.026936
-9.5 -9.5 -6 0.0277136
-9.5 -9.5 -5.5 0.0284698
-9.5 -9.5 -5 0.0291971
-9.5 -9.5 -4.5 0.0298879
-9.5 -9.5 -4 0.0305344
-9.5 -9.5 -3.5 0.0311284
-9.5 -9.5 -3 0.0316623
-9.5 -9.5 -2.5 0.0321285
-9.5 -9.5 -2 0.0325203
-9.5 -9.5 -1.5 0.0328317
-9.5 -9.5 -1 0.0330579
-9.5 -9.5 -0.5 0.033195
-9.5 -9.5 0 0.033241
-9.5 -9.5 0.5 0.033195
-9.5 -9.5 1 0.0330579
-9.5 -9.5 1.5 0.0328317
-9.5 -9.5 2 0.0325203
-9.5 -9.5 2.5 0.0321285
-9.5 -9.5 3 0.0316623
-9.5 -9.5 3.5 0.0311284
-9.5 -9.5 4 0.0305344
-9.5 -9.5 4.5 0.0298879
-9.5 -9.5 5 0.0291971
-9.5 -9.5 5.5 0.0284698
-9.5 -9.5 6 0.0277136
-9.5 -9.5 6.5 0.026936
-9.5 -9.5 7 0.0261438
-9.5 -9.5 7.5 0.0253432
-9.5 -9.5 8 0.0245399
-9.5 -9.5 8.5 0.0237389
-9.5 -9.5 9 0.0229446
-9.5 -9.5 9.5 0.0221607
-9.5 -9.5 10 0.0213904
-9.5 -9 -10 0.0221198
-9.5 -9 -9.5 0.0229446
-9.5 -9 -9 0.0237859
-9.5 -9 -8.5 0.0246407
-9.5 -9 -8 0.0255048
-9.5 -9 -7.5 0.0263736
-9.5 -9 -7 0.0272418
-9.5 -9 -6.5 0.028103
-9.5 -9 -6 0.0289505
-9.5 -9 -5.5 0.0297767
-9.5 -9 -5 0.0305732
-9.5 -9 -4.5 0.0313316
-9.5 -9 -4 0.0320427
-9.5 -9 -3.5 0.0326975
-9.5 -9 -3 0.0332871
-9.5 -9 -2.5 0.0338028
-9.5 -9 -2 0.0342368
-9.5 -9 -1.5 0.0345821
-9.5 -9 -1 0.0348331
-9.5 -9 -0.5 0.0349854
-9.5 -9 0 0.0350365
-9.5 -9 0.5 0.0349854
-9.5 -9 1 0.0348331
-9.5 -9 1.5 0.0345821
-9.5 -9 2 0.0342368
-9.5 -9 2.5 0.0338028
-9.5 -9 3 0.0332871
-9.5 -9 3.5 0.0326975
-9.5 -9 4 0.0320427
-9.5 -9 4.5 0.0313316
-9.5 -9 5 0.0305732
-9.5 -9 5.5 0.0297767
-9.5 -9 6 0.0289505
-9.5 -9 6.5 0.028103
-9.5 -9 7 0.0272418
-9.5 -9 7.5 0.0263736
-9.5 -9 8 0.0255048
-9.5 -9 8.5 0.0246407
-9.5 -9 9 0.0237859
-9.5 -9 9.5 0.0229446
-9.5 -9 10 0.0221198
-9.5 -8.5 -10 0.0228571
-9.5 -8.5 -9.5 0.0237389
-9.5 -8.5 -9 0.0246407
-9.5 -8.5 -8.5 0.0255591
-9.5 -8.5 -8 0.0264901
-9.5 -8.5 -7.5 0.0274286
-9.5 -8.5 -7 0.0283688
-9.5 -8.5 -6.5 0.029304
-9.5 -8.5 -6 0.0302267
-9.5 -8.5 -5.5 0.0311284
-9.5 -8.5 -5 0.032
-9.5 -8.5 -4.5 0.0328317
-9.5 -8.5 -4 0.0336134
-9.5 -8.5 -3.5 0.0343348
-9.5 -8.5 -3 0.0349854
-9.5 -8.5 -2.5 0.0355556
-9.5 -8.5 -2 0.036036
-9.5 -8.5 -1.5 0.0364188
-9.5 -8.5 -1 0.0366972
-9.5 -8.5 -0.5 0.0368664
